0 0
1 0
0 1
2 0
0 2
1 1
3 0
0 3
1 2
2 1
0 4
1 3
2 2
3 1
4 0
1 4
3 2
5 0
0 5
4 1
2 3
6 0
0 6
4 2
1 5
3 3
5 1
2 4
6 1
2 5
1 6
3 4
5 2
4 3
0 7
7 0
3 5
0 8
5 3
1 7
6 2
2 6
7 1
8 0
4 4
2 7
3 6
0 9
8 1
4 5
6 3
1 8
7 2
9 0
5 4
3 7
2 8
8 2
9 1
10 0
1 9
7 3
0 10
5 5
4 6
6 4
3 8
8 3
1 10
9 2
10 1
0 11
11 0
7 4
6 5
5 6
2 9
4 7
11 1
9 3
6 6
3 9
10 2
1 11
8 4
7 5
12 0
4 8
5 7
2 10
0 12
3 10
2 11
1 12
9 4
10 3
0 13
11 2
12 1
5 8
4 9
13 0
6 7
8 5
7 6
5 9
13 1
14 0
4 10
12 2
3 11
6 8
10 4
7 7
8 6
2 12
9 5
0 14
1 13
11 3
5 10
15 0
11 4
12 3
6 9
10 5
9 6
8 7
7 8
13 2
14 1
3 12
0 15
1 14
2 13
4 11
13 3
14 2
6 10
4 12
1 15
10 6
15 1
8 8
0 16
9 7
12 4
7 9
16 0
3 13
5 11
2 14
11 5
7 10
8 9
10 7
16 1
1 16
3 14
14 3
17 0
9 8
11 6
13 4
2 15
12 5
0 17
6 11
5 12
15 2
4 13
16 2
10 8
17 1
2 16
14 4
4 14
7 11
9 9
11 7
0 18
15 3
18 0
13 5
5 13
12 6
3 15
1 17
6 12
8 10
17 2
5 14
14 5
7 12
8 11
11 8
13 6
6 13
4 15
3 16
16 3
12 7
18 1
9 10
15 4
2 17
0 19
1 18
19 0
10 9
14 6
19 1
7 13
4 16
13 7
11 9
20 0
15 5
5 15
17 3
0 20
1 19
3 17
8 12
10 10
9 11
18 2
2 18
16 4
6 14
12 8
11 10
21 0
2 19
7 14
15 6
10 11
1 20
16 5
6 15
4 17
12 9
0 21
19 2
14 7
13 8
9 12
17 4
18 3
8 13
20 1
3 18
5 16
21 1
20 2
16 6
6 16
22 0
4 18
9 13
3 19
11 11
2 20
17 5
1 21
8 14
18 4
7 15
0 22
12 10
10 12
14 8
5 17
13 9
19 3
15 7
6 17
18 5
13 10
9 14
10 13
11 12
5 18
17 6
15 8
12 11
19 4
1 22
2 21
21 2
7 16
0 23
20 3
22 1
16 7
14 9
8 15
23 0
3 20
4 19
21 3
11 13
7 17
24 0
20 4
0 24
3 21
2 22
23 1
15 9
16 8
13 11
10 14
22 2
8 16
1 23
4 20
5 19
17 7
14 10
9 15
18 6
6 18
19 5
12 12
6 19
14 11
5 20
15 10
16 9
7 18
8 17
12 13
4 21
3 22
17 8
21 4
9 16
2 23
1 24
18 7
10 15
0 25
19 6
20 5
13 12
11 14
25 0
24 1
23 2
22 3
14 12
7 19
11 15
19 7
6 20
12 14
1 25
0 26
16 10
20 6
10 16
8 18
21 5
9 17
23 3
25 1
22 4
13 13
15 11
17 9
4 22
18 8
24 2
5 21
3 23
2 24
26 0
17 10
14 13
22 5
10 17
6 21
11 16
18 9
0 27
9 18
25 2
12 15
21 6
24 3
26 1
4 23
2 25
3 24
7 20
27 0
20 7
16 11
5 22
15 12
8 19
13 14
23 4
19 8
1 26
4 24
20 8
27 1
26 2
17 11
11 17
18 10
8 20
9 19
21 7
3 25
6 22
14 14
5 23
2 26
15 13
22 6
19 9
10 18
1 27
0 28
23 5
7 21
28 0
25 3
24 4
12 16
13 15
16 12
8 21
25 4
0 29
17 12
5 24
11 18
13 16
22 7
24 5
9 20
15 14
1 28
14 15
20 9
18 11
2 27
21 8
28 1
29 0
26 3
23 6
27 2
6 23
19 10
12 17
10 19
7 22
4 25
3 26
16 13
3 27
8 22
17 13
20 10
21 9
2 28
14 16
23 7
4 26
1 29
27 3
29 1
28 2
6 24
11 19
24 6
22 8
5 25
12 18
18 12
30 0
13 17
25 5
10 20
16 14
15 15
9 21
7 23
0 30
19 11
26 4
7 24
18 13
14 17
12 19
24 7
23 8
26 5
30 1
15 16
3 28
6 25
21 10
17 14
0 31
31 0
13 18
11 20
20 11
16 15
1 30
27 4
22 9
25 6
8 23
4 27
19 12
5 26
10 21
2 29
9 22
28 3
29 2
20 12
22 10
26 6
19 13
18 14
14 18
7 25
30 2
4 28
5 27
6 26
11 21
17 15
21 11
9 23
25 7
3 29
29 3
10 22
23 9
28 4
2 30
31 1
8 24
12 20
0 32
15 17
24 8
32 0
1 31
13 19
16 16
27 5
29 4
10 23
6 27
21 12
13 20
2 31
3 30
11 22
20 13
27 6
22 11
0 33
15 18
33 0
26 7
16 17
31 2
28 5
25 8
14 19
8 25
12 21
5 28
23 10
9 24
32 1
30 3
19 14
1 32
18 15
17 16
24 9
4 29
7 26
11 23
21 13
13 21
1 33
14 20
30 4
28 6
12 22
27 7
16 18
8 26
25 9
19 15
2 32
10 24
32 2
15 19
9 25
24 10
7 27
26 8
0 34
22 12
31 3
5 29
29 5
34 0
4 30
23 11
17 17
3 31
20 14
18 16
6 28
33 1
30 5
18 17
7 28
0 35
16 19
11 24
10 25
32 3
22 13
34 1
5 30
31 4
14 21
2 33
19 16
12 23
13 22
15 20
24 11
33 2
35 0
28 7
27 8
6 29
21 14
26 9
1 34
3 32
23 12
8 27
9 26
29 6
4 31
25 10
20 15
17 18
1 35
9 27
17 19
12 24
33 3
23 13
25 11
34 2
6 30
16 20
4 32
2 34
10 26
28 8
29 7
27 9
30 6
22 14
7 29
36 0
14 22
0 36
32 4
35 1
18 18
15 21
3 33
11 25
8 28
26 10
20 16
21 15
5 31
24 12
13 23
31 5
19 17
29 8
15 22
8 29
33 4
31 6
17 20
4 33
25 12
30 7
23 14
1 36
6 31
27 10
26 11
14 23
2 35
7 30
21 16
37 0
35 2
10 27
18 19
34 3
32 5
22 15
13 24
20 17
9 28
3 34
24 13
0 37
12 25
28 9
11 26
5 32
36 1
16 21
19 18
33 5
13 25
11 27
16 22
20 18
0 38
2 36
15 23
37 1
32 6
25 13
34 4
26 12
22 16
21 17
10 28
5 33
18 20
6 32
9 29
12 26
7 31
29 9
31 7
23 15
24 14
1 37
36 2
17 21
4 34
8 30
30 8
3 35
28 10
27 11
14 24
38 0
19 19
35 3
18 21
27 12
31 8
17 22
33 6
22 17
21 18
8 31
3 36
29 10
4 35
13 26
24 15
12 27
38 1
11 28
37 2
34 5
36 3
5 34
10 29
25 14
9 30
28 11
23 16
35 4
14 25
19 20
0 39
1 38
32 7
7 32
30 9
16 23
2 37
39 0
6 33
20 19
15 24
26 13
29 11
40 0
24 16
26 14
2 38
28 12
20 20
1 39
23 17
39 1
19 21
25 15
30 10
31 9
0 40
21 19
22 18
34 6
16 24
6 34
17 23
38 2
27 13
14 26
15 25
13 27
5 35
18 22
9 31
8 32
35 5
11 29
7 33
4 36
3 37
12 28
10 30
37 3
36 4
33 7
32 8
22 19
21 20
31 10
34 7
10 31
7 34
32 9
17 24
24 17
6 35
13 28
3 38
28 13
26 15
14 27
9 32
36 5
40 1
35 6
2 39
20 21
0 41
12 29
4 37
25 16
19 22
30 11
33 8
8 33
11 30
15 26
1 40
16 25
29 12
5 36
38 3
39 2
23 18
18 23
27 14
41 0
37 4
39 3
27 15
33 9
29 13
24 18
11 31
38 4
17 25
36 6
12 30
26 16
41 1
13 29
14 28
1 41
2 40
15 27
28 14
25 17
23 19
6 36
18 24
7 35
42 0
32 10
19 23
22 20
30 12
8 34
0 42
31 11
40 2
20 22
5 37
21 21
4 38
35 7
9 33
10 32
37 5
34 8
16 26
3 39
3 40
38 5
19 24
27 16
17 26
26 17
31 12
35 8
21 22
13 30
2 41
25 18
10 33
6 37
39 4
18 25
40 3
22 21
0 43
12 31
36 7
30 13
4 39
34 9
32 11
43 0
8 35
37 6
5 38
28 15
14 29
1 42
42 1
15 28
33 10
11 32
29 14
9 34
20 23
16 27
7 36
41 2
23 20
24 19
38 6
14 30
18 26
33 11
40 4
17 27
3 41
9 35
34 10
43 1
24 20
37 7
13 31
5 39
44 0
2 42
6 38
31 13
10 34
21 23
26 18
16 28
32 12
12 32
22 22
7 37
23 21
36 8
11 33
28 16
35 9
19 25
41 3
15 29
4 40
1 43
27 17
20 24
25 19
8 36
0 44
30 14
29 15
39 5
42 2
11 34
17 28
18 27
28 17
40 5
3 42
29 16
16 29
21 24
32 13
1 44
31 14
15 30
45 0
36 9
43 2
38 7
6 39
14 31
7 38
30 15
0 45
22 23
25 20
33 12
23 22
24 21
13 32
8 37
12 33
37 8
19 26
4 41
44 1
39 6
9 36
41 4
20 25
34 11
10 35
27 18
42 3
5 40
2 43
35 10
26 19
5 41
14 32
16 30
13 33
32 14
35 11
34 12
0 46
42 4
1 45
15 31
4 42
17 29
43 3
38 8
31 15
2 44
3 43
27 19
45 1
30 16
46 0
11 35
36 10
24 22
25 21
7 39
10 36
20 26
19 27
26 20
40 6
37 9
44 2
39 7
29 17
22 24
41 5
28 18
9 37
33 13
8 38
21 25
23 23
12 34
18 28
6 40
7 40
47 0
35 12
0 47
28 19
23 24
4 43
11 36
8 39
32 15
31 16
1 46
38 9
44 3
45 2
40 7
2 45
16 31
24 23
9 38
3 44
33 14
10 37
37 10
17 30
26 21
21 26
15 32
20 27
18 29
30 17
29 18
42 5
5 42
13 34
19 28
39 8
14 33
6 41
12 35
27 20
22 25
41 6
34 13
43 4
46 1
25 22
36 11
26 22
9 39
2 46
15 33
0 48
28 20
40 8
27 21
35 13
1 47
36 12
11 37
3 45
16 32
34 14
21 27
8 40
47 1
37 11
13 35
44 4
18 30
38 10
22 26
4 44
19 29
31 17
43 5
6 42
14 34
20 28
32 16
7 41
23 25
25 23
10 38
17 31
41 7
46 2
45 3
39 9
12 36
33 15
48 0
29 19
5 43
24 24
30 18
42 6
37 12
35 14
36 13
16 33
12 37
39 10
48 1
9 40
31 18
15 34
30 19
44 5
10 39
40 9
11 38
29 20
22 27
49 0
21 28
28 21
23 26
41 8
27 22
14 35
26 23
42 7
47 2
43 6
13 36
25 24
24 25
32 17
0 49
1 48
2 47
17 32
3 46
18 31
4 45
46 3
5 44
34 15
45 4
6 43
38 11
19 30
7 42
8 41
33 16
20 29
0 50
25 25
22 28
17 33
13 37
18 32
15 35
19 31
21 29
16 34
24 26
23 27
20 30
33 17
1 49
2 48
3 47
4 46
36 14
5 45
6 44
35 15
7 43
8 42
9 41
34 16
26 24
10 40
32 18
31 19
11 39
12 38
30 20
29 21
37 13
28 22
27 23
14 36
49 1
40 10
38 12
43 7
47 3
50 0
48 2
41 9
45 5
46 4
42 8
39 11
44 6
35 16
12 39
49 2
8 43
33 18
28 23
22 29
43 8
41 10
26 25
44 7
23 28
46 5
14 37
17 34
45 6
29 22
34 17
11 40
7 44
16 35
2 49
42 9
31 20
39 12
37 14
1 50
6 45
51 0
36 15
48 3
9 42
13 38
18 33
21 30
32 19
24 27
50 1
20 31
38 13
5 46
19 32
10 41
25 26
40 11
0 51
47 4
15 36
27 24
3 48
4 47
30 21
1 51
47 5
23 29
12 40
37 15
49 3
35 17
46 6
44 8
8 44
5 47
24 28
29 23
41 11
36 16
16 36
4 48
13 39
20 32
27 25
31 21
14 38
7 45
6 46
19 33
17 35
38 14
25 27
40 12
32 20
42 10
22 30
2 50
52 0
3 49
45 7
39 13
26 26
43 9
48 4
33 19
28 24
0 52
10 42
18 34
50 2
11 41
15 37
51 1
21 31
34 18
30 22
9 43
37 16
51 2
23 30
5 48
17 36
52 1
42 11
40 13
45 8
49 4
0 53
26 27
15 38
22 31
12 41
6 47
2 51
38 15
50 3
11 42
29 24
53 0
27 26
7 46
32 21
35 18
20 33
21 32
34 19
30 23
1 52
4 49
18 35
39 14
3 50
46 7
33 20
44 9
9 44
41 12
48 5
16 37
13 40
31 22
47 6
36 17
19 34
24 29
10 43
14 39
25 28
8 45
28 25
43 10
12 42
26 28
52 2
20 34
50 4
51 3
39 15
1 53
36 18
23 31
3 51
29 25
15 39
13 41
37 17
14 40
16 38
38 16
44 10
19 35
18 36
35 19
53 1
43 11
21 33
47 7
45 9
30 24
33 21
34 20
9 45
8 46
10 44
11 43
2 52
24 30
49 5
42 12
46 8
27 27
22 32
40 14
6 48
54 0
28 26
32 22
25 29
41 13
4 50
5 49
31 23
0 54
7 47
17 37
48 6
37 18
6 49
2 53
39 16
53 2
34 21
47 8
44 11
0 55
7 48
19 36
25 30
55 0
32 23
22 33
24 31
50 5
38 17
49 6
18 37
54 1
26 29
11 44
15 40
43 12
35 20
21 34
33 22
45 10
41 14
20 35
3 52
10 45
46 9
48 7
12 43
27 28
5 50
30 25
16 39
31 24
23 32
13 42
14 41
51 4
40 15
29 26
42 13
52 3
9 46
36 19
1 54
4 51
17 38
8 47
28 27
15 41
34 22
52 4
40 16
9 47
36 20
24 32
3 53
7 49
11 45
25 31
47 9
44 12
54 2
37 19
49 7
6 50
4 52
13 43
53 3
46 10
41 15
42 14
32 24
31 25
29 27
21 35
17 39
28 28
22 34
51 5
20 36
2 54
35 21
0 56
33 23
23 33
19 37
48 8
10 46
56 0
50 6
39 17
26 30
1 55
5 51
30 26
43 13
14 42
38 18
55 1
27 29
16 40
8 48
45 11
12 44
18 38
23 34
28 29
57 0
33 24
22 35
5 52
38 19
12 45
52 5
1 56
35 22
43 14
20 37
42 15
40 17
10 47
13 44
37 20
19 38
16 41
17 40
56 1
45 12
26 31
54 3
47 10
8 49
34 23
41 16
24 33
31 26
49 8
11 46
25 32
27 30
4 53
0 57
55 2
15 42
39 18
9 48
46 11
21 36
32 25
6 51
48 9
2 55
14 43
18 39
50 7
44 13
36 21
51 6
29 28
30 27
53 4
3 54
7 50
1 57
8 50
28 30
39 19
3 55
41 17
45 13
58 0
22 36
32 26
24 34
34 24
49 9
15 43
6 52
36 22
53 5
54 4
48 10
26 32
9 49
17 41
27 31
18 40
5 53
2 56
40 18
16 42
13 45
44 14
56 2
37 21
23 35
57 1
43 15
35 23
12 46
42 16
33 25
31 27
29 29
0 58
55 3
52 6
30 28
51 7
19 39
25 33
21 37
50 8
46 12
14 44
4 54
38 20
47 11
20 38
10 48
11 47
7 51
30 29
27 32
46 13
17 42
31 28
51 8
2 57
49 10
53 6
28 31
11 48
57 2
48 11
5 54
4 55
43 16
3 56
10 49
13 46
29 30
8 51
41 18
38 21
1 58
34 25
6 53
40 19
23 36
19 40
35 24
39 20
7 52
44 15
21 38
58 1
26 33
0 59
37 22
24 35
45 14
12 47
18 41
22 37
54 5
36 23
47 12
42 17
50 9
59 0
33 26
55 4
9 50
52 7
56 3
14 45
25 34
15 44
32 27
16 43
20 39
57 3
1 59
9 51
48 12
5 55
14 46
33 27
37 23
18 42
13 47
51 9
22 38
36 24
29 31
19 41
45 15
60 0
56 4
39 21
34 26
41 19
24 36
8 52
50 10
32 28
0 60
54 6
17 43
21 39
25 35
15 45
26 34
10 50
23 37
4 56
59 1
38 22
20 40
55 5
46 14
27 33
40 20
6 54
16 44
43 17
42 18
58 2
35 25
2 58
31 29
3 57
28 32
12 48
53 7
49 11
7 53
30 30
52 8
11 49
47 13
44 16
7 54
51 10
41 20
2 59
53 8
25 36
21 40
52 9
39 22
42 19
60 1
24 37
23 38
40 21
54 7
26 35
30 31
22 39
38 23
8 53
31 30
1 60
34 27
59 2
36 25
13 48
32 29
3 58
14 47
58 3
6 55
46 15
5 56
15 46
61 0
43 18
10 51
50 11
20 41
45 16
33 28
55 6
16 45
0 61
28 33
17 44
44 17
56 5
9 52
18 43
27 34
11 50
4 57
29 32
48 13
12 49
19 42
37 24
57 4
35 26
49 12
47 14
1 61
28 34
21 41
49 13
56 6
23 39
60 2
31 31
27 35
17 45
61 1
36 26
22 40
0 62
42 20
34 28
29 33
18 44
26 36
45 17
3 59
57 5
16 46
14 48
48 14
33 29
4 58
15 47
59 3
50 12
30 32
12 50
47 15
24 38
39 23
35 27
46 16
40 22
41 21
13 49
62 0
55 7
11 51
54 8
51 11
8 54
37 25
25 37
5 57
58 4
52 10
10 52
32 30
20 42
38 24
53 9
44 18
7 55
6 56
19 43
43 19
2 60
9 53
44 19
33 30
6 57
28 35
15 48
42 21
56 7
12 51
14 49
62 1
57 6
63 0
9 54
45 18
2 61
26 37
35 28
10 53
51 12
47 16
59 4
49 14
36 27
31 32
52 11
32 31
24 39
13 50
39 24
61 2
55 8
41 22
11 52
18 45
38 25
1 62
4 59
40 23
46 17
3 60
48 15
54 9
27 36
25 38
0 63
19 44
23 40
16 47
8 55
17 46
30 33
58 5
7 56
29 34
20 43
5 58
21 42
37 26
43 20
50 13
22 41
34 29
53 10
60 3
36 28
61 3
53 11
26 38
50 14
9 55
37 27
49 15
60 4
13 51
43 21
14 50
35 29
46 18
6 58
64 0
45 19
12 52
27 37
18 46
17 47
16 48
39 25
1 63
8 56
56 8
41 23
20 44
57 7
11 53
63 1
15 49
52 12
10 54
58 6
55 9
51 13
44 20
31 33
2 62
3 61
4 60
28 36
47 17
5 59
54 10
0 64
24 40
23 41
59 5
38 26
21 43
25 39
30 34
48 16
32 32
7 57
19 45
34 30
40 24
62 2
42 22
29 35
33 31
22 42
2 63
29 36
6 59
15 50
41 24
36 29
62 3
24 41
33 32
61 4
8 57
53 12
58 7
39 26
11 54
23 42
17 48
3 62
22 43
16 49
9 56
18 47
7 58
28 37
46 19
52 13
56 9
43 22
51 14
4 61
13 52
14 51
32 33
40 25
57 8
59 6
54 11
38 27
65 0
1 64
37 28
45 20
31 34
64 1
0 65
12 53
49 16
35 30
30 35
20 45
26 39
34 31
63 2
27 38
50 15
48 17
44 21
19 46
55 10
25 40
47 18
60 5
42 23
10 55
5 60
21 44
24 42
31 35
36 30
13 53
44 22
26 40
59 7
49 17
64 2
23 43
0 66
56 10
53 13
33 33
22 44
10 56
6 60
4 62
57 9
40 26
46 20
5 61
60 6
25 41
11 55
66 0
30 36
12 54
7 59
17 49
51 15
8 58
3 63
58 8
29 37
55 11
52 14
27 39
43 23
18 48
41 25
39 27
15 51
14 52
45 21
47 19
62 4
61 5
20 46
48 18
19 47
34 32
28 38
37 29
35 31
21 45
16 50
2 64
50 16
9 57
63 3
54 12
1 65
65 1
42 24
38 28
32 34
64 3
31 36
43 24
9 58
44 23
12 55
34 33
0 67
42 25
61 6
33 34
60 7
41 26
35 32
36 31
32 35
1 66
65 2
46 21
55 12
53 14
6 61
22 45
62 5
47 20
29 38
57 10
63 4
50 17
19 48
51 16
20 47
4 63
14 53
27 40
59 8
39 28
3 64
24 43
38 29
40 27
56 11
26 41
52 15
66 1
2 65
28 39
25 42
16 51
21 46
15 52
49 18
17 50
37 30
5 62
58 9
23 44
13 54
8 59
10 57
54 13
18 49
48 19
11 56
7 60
45 22
67 0
30 37
57 11
37 31
58 10
51 17
24 44
43 25
33 35
27 41
35 33
40 28
17 51
13 55
0 68
49 19
65 3
2 66
15 53
28 40
7 61
52 16
62 6
59 9
23 45
48 20
68 0
41 27
8 60
38 30
18 50
34 34
63 5
54 14
56 12
31 37
46 22
11 57
42 26
36 32
16 52
61 7
22 46
14 54
55 13
12 56
19 49
64 4
1 67
50 18
9 59
6 62
32 36
44 24
66 2
25 43
53 15
29 39
67 1
26 42
39 29
60 8
47 21
10 58
5 63
21 47
45 23
4 64
20 48
30 38
3 65
51 18
35 34
52 17
26 43
5 64
14 55
33 36
54 15
7 62
2 67
20 49
56 13
19 50
37 32
57 12
55 14
43 26
3 66
21 48
22 47
11 58
6 63
40 29
59 10
23 46
18 51
41 28
44 25
58 11
8 61
53 16
24 45
69 0
63 6
66 3
12 57
25 44
36 33
1 68
13 56
42 27
28 41
4 65
60 9
50 19
0 69
34 35
15 54
64 5
62 7
48 21
16 53
38 31
32 37
39 30
29 40
49 20
67 2
47 22
9 60
31 38
61 8
65 4
17 52
30 39
10 59
45 24
46 23
68 1
27 42
41 29
49 21
69 1
9 61
47 23
7 63
40 30
62 8
65 5
54 16
58 12
25 45
50 20
12 58
68 2
42 28
22 48
24 46
32 38
55 15
43 27
31 39
4 66
14 56
19 51
33 37
56 14
35 35
45 25
44 26
23 47
59 11
0 70
17 53
6 64
36 34
57 13
11 59
27 43
16 54
2 68
1 69
46 24
60 10
8 62
5 65
29 41
15 55
34 36
51 19
61 9
21 49
53 17
28 42
13 57
70 0
10 60
48 22
64 6
52 18
30 40
67 3
66 4
38 32
18 52
3 67
26 44
39 31
20 50
63 7
37 33
4 67
36 35
24 47
50 21
6 65
9 62
48 23
64 7
23 48
39 32
59 12
49 22
66 5
21 50
34 37
58 13
33 38
1 70
45 26
17 54
35 36
5 66
57 14
22 49
12 59
0 71
7 64
69 2
11 60
65 6
31 40
14 57
27 44
40 31
61 10
2 69
68 3
38 33
3 68
8 63
16 55
52 19
62 9
54 17
71 0
67 4
28 43
30 41
29 42
47 24
37 34
19 52
55 16
13 58
63 8
70 1
42 29
25 46
56 15
43 28
32 39
44 27
20 51
53 18
46 25
26 45
51 20
60 11
41 30
10 61
18 53
15 56
44 28
10 62
5 67
15 57
43 29
68 4
67 5
42 30
16 56
45 27
41 31
4 68
69 3
46 26
12 60
13 59
7 65
19 53
65 7
49 23
52 20
25 47
8 64
9 63
37 35
70 2
40 32
58 14
60 12
3 69
1 71
48 24
35 37
21 51
61 11
51 21
34 38
64 8
2 70
71 1
33 39
32 40
50 22
11 61
56 16
18 54
57 15
26 46
27 45
36 36
39 33
0 72
29 43
54 18
6 66
14 58
20 52
47 25
66 6
72 0
23 49
28 44
55 17
59 13
30 42
62 10
22 50
31 41
38 34
24 48
17 55
63 9
53 19
72 1
33 40
73 0
12 61
54 19
34 39
55 18
16 57
2 71
29 44
65 8
30 43
69 4
52 21
1 72
9 64
46 27
21 52
57 16
20 53
45 28
17 56
28 45
56 17
13 60
64 9
43 30
31 42
10 63
53 20
63 10
32 41
40 33
50 23
26 47
38 35
71 2
59 14
22 51
42 31
61 12
49 24
25 48
39 34
18 55
23 50
4 69
5 68
60 13
70 3
24 49
67 6
48 25
15 58
11 62
47 26
7 66
6 67
41 32
27 46
36 37
51 22
68 5
66 7
58 15
3 70
44 29
19 54
62 11
37 36
0 73
14 59
35 38
8 65
25 49
14 60
57 17
7 67
2 72
74 0
13 61
0 74
45 29
23 51
59 15
63 11
46 28
61 13
12 62
64 10
24 50
26 48
58 16
62 12
29 45
28 46
30 44
70 4
60 14
27 47
1 73
11 63
39 35
35 39
73 1
66 8
53 21
36 38
4 70
37 37
15 59
69 5
52 22
20 54
38 36
9 65
67 7
51 23
31 43
72 2
5 69
43 31
50 24
40 34
19 55
41 33
6 68
71 3
16 58
68 6
49 25
48 26
8 66
42 32
10 64
33 41
65 9
55 19
3 71
32 42
34 40
22 52
56 18
54 20
44 30
17 57
18 56
47 27
21 53
3 72
26 49
34 41
36 39
43 32
27 48
25 50
20 55
32 43
42 33
1 74
0 75
33 42
7 68
44 31
72 3
23 52
71 4
75 0
39 36
22 53
74 1
37 38
24 51
5 70
30 45
38 37
19 56
45 30
21 54
41 34
29 46
46 29
2 73
31 44
40 35
35 40
28 47
73 2
6 69
4 71
55 20
49 26
8 67
12 63
54 21
9 66
62 13
67 8
65 10
58 17
18 57
61 14
63 12
16 59
11 64
47 28
15 60
50 25
69 6
17 58
13 62
57 18
51 24
56 19
66 9
64 11
10 65
52 23
68 7
48 27
53 22
60 15
14 61
59 16
70 5
26 50
30 46
18 58
70 6
71 5
3 73
51 25
4 72
76 0
43 33
33 43
58 18
49 27
21 55
24 52
34 42
20 56
29 47
35 41
42 34
66 10
60 16
73 3
50 26
0 76
13 63
10 66
8 68
25 51
44 32
32 44
65 11
15 61
19 57
45 31
59 17
62 14
61 15
46 30
64 12
31 45
28 48
48 28
69 7
27 49
6 70
74 2
63 13
36 40
16 60
22 54
47 29
75 1
12 64
68 8
56 20
2 74
41 35
23 53
11 65
40 36
37 39
54 22
57 19
38 38
17 59
1 75
72 4
7 69
52 24
55 21
9 67
14 62
5 71
67 9
53 23
39 37
12 65
26 51
5 72
56 21
70 7
54 23
32 45
61 16
31 46
68 9
0 77
4 73
21 56
50 27
18 59
55 22
72 5
16 61
40 37
66 11
7 70
23 54
41 36
62 15
46 31
6 71
37 40
71 6
75 2
8 69
19 58
58 19
44 33
34 43
52 25
59 18
22 55
53 24
25 52
35 42
36 41
17 60
43 34
67 10
74 3
51 26
39 38
76 1
14 63
11 66
45 32
33 44
9 68
69 8
38 39
24 53
42 35
57 20
13 64
60 17
77 0
49 28
29 48
28 49
73 4
64 13
15 62
27 50
3 74
48 29
2 75
20 57
1 76
47 30
63 14
65 12
10 67
30 47
66 12
6 72
26 52
53 25
30 48
72 6
20 58
45 33
35 43
78 0
60 18
23 55
0 78
52 26
31 47
17 61
2 76
27 51
33 45
62 16
10 68
75 3
61 17
28 50
15 63
12 66
64 14
46 32
34 44
68 10
21 57
42 36
39 39
70 8
65 13
29 49
40 38
74 4
55 23
71 7
57 21
25 53
77 1
24 54
4 74
8 70
41 37
56 22
19 59
11 67
9 69
37 41
18 60
44 34
69 9
3 75
54 24
16 62
7 71
59 19
36 42
76 2
38 40
49 29
50 28
14 64
13 65
58 20
43 35
73 5
51 27
22 56
47 31
63 15
32 46
5 73
1 77
67 11
48 30
16 63
47 32
78 1
64 15
42 37
74 5
65 14
43 36
27 52
13 66
37 42
29 50
58 21
8 71
38 41
19 60
17 62
4 75
45 34
53 26
55 24
72 7
70 9
31 48
32 47
5 74
67 12
68 11
62 17
49 30
7 72
22 57
69 10
25 54
54 25
33 46
24 55
73 6
35 44
9 70
21 58
46 33
36 43
79 0
71 8
0 79
2 77
61 18
52 27
75 4
12 67
59 20
48 31
57 22
50 29
34 45
44 35
23 56
39 40
51 28
3 76
76 3
15 64
20 59
41 38
28 51
14 65
26 53
40 39
56 23
18 61
63 16
30 49
6 73
1 78
66 13
10 69
11 68
77 2
60 19
37 43
67 13
10 70
68 12
8 72
74 6
72 8
33 47
34 46
41 39
32 48
45 35
42 38
50 30
27 53
53 27
55 25
26 54
60 20
0 80
71 9
39 41
51 29
5 75
20 60
73 7
78 2
46 34
57 23
40 40
61 19
56 24
18 62
11 69
75 5
9 71
76 4
69 11
15 65
80 0
79 1
52 28
16 64
62 18
25 55
31 49
47 33
22 58
44 36
24 56
28 52
3 77
38 42
59 21
4 76
49 31
30 50
2 78
7 73
6 74
77 3
14 66
36 44
66 14
65 15
64 16
21 59
12 68
48 32
29 51
58 22
13 67
43 37
1 79
35 45
54 26
63 17
19 61
70 10
17 63
23 57
52 29
23 58
50 31
8 73
21 60
45 36
55 26
59 22
72 9
49 32
26 55
67 14
31 50
0 81
63 18
32 49
41 40
74 7
2 79
80 1
57 24
12 69
18 63
60 21
10 71
77 4
22 59
76 5
40 41
6 75
78 3
25 56
39 42
79 2
47 34
15 66
62 19
29 52
66 15
70 11
13 68
19 62
58 23
65 16
7 74
64 17
11 70
46 35
37 44
38 43
61 20
1 80
75 6
43 38
68 13
36 45
20 61
71 10
33 48
3 78
24 57
28 53
56 25
27 54
4 77
42 39
5 76
81 0
14 67
17 64
73 8
9 72
30 51
54 27
16 65
44 37
35 46
53 28
48 33
69 12
51 30
34 47
26 56
78 4
0 82
10 72
9 73
51 31
48 34
73 9
23 59
21 61
56 26
20 62
77 5
74 8
52 30
62 20
37 45
32 50
42 40
18 64
31 51
17 65
59 23
35 47
54 28
80 2
6 76
47 35
11 71
63 19
44 38
60 22
13 69
79 3
69 13
4 78
53 29
29 53
66 16
5 77
43 39
76 6
72 10
50 32
25 57
34 48
49 33
45 37
19 63
27 55
14 68
64 18
7 75
71 11
33 49
8 74
16 66
40 42
46 36
24 58
61 21
36 46
1 81
39 43
30 52
38 44
12 70
70 12
68 14
22 60
57 25
82 0
65 17
81 1
28 54
58 24
2 80
75 7
15 67
3 79
67 15
41 41
55 27
32 51
71 12
39 44
82 1
4 79
20 63
55 28
18 65
46 37
37 46
13 70
50 33
63 20
17 66
30 53
11 72
75 8
56 27
52 31
6 77
19 64
3 80
66 17
29 54
44 39
40 43
58 25
48 35
73 10
35 48
70 13
45 38
0 83
15 68
68 15
77 6
5 78
10 73
7 76
79 4
62 21
41 42
80 3
54 29
53 30
61 22
65 18
2 81
27 56
74 9
34 49
14 69
1 82
12 71
67 16
69 14
42 41
23 60
57 26
72 11
78 5
21 62
76 7
59 24
38 45
36 47
24 59
83 0
22 61
33 50
9 74
49 34
51 32
43 40
16 67
60 23
47 36
28 55
26 57
25 58
81 2
8 75
64 19
31 52
11 73
7 77
80 4
25 59
24 60
77 7
30 54
0 84
62 22
35 49
46 38
28 56
47 37
61 23
48 36
63 21
14 70
83 1
10 74
42 42
29 55
22 62
52 32
26 58
9 75
32 52
27 57
33 51
5 79
66 18
70 14
3 81
69 15
43 41
58 26
73 11
60 24
79 5
4 80
67 17
12 72
41 43
59 25
78 6
36 48
74 10
17 67
51 33
21 63
16 68
38 46
84 0
40 44
72 12
76 8
50 34
39 45
1 83
57 27
64 20
49 35
56 28
18 66
31 53
19 65
71 13
37 47
8 76
44 40
34 50
23 61
45 39
65 19
15 69
54 30
55 29
81 3
20 64
82 2
6 78
2 82
53 31
68 16
13 71
75 9
13 72
12 73
40 45
7 78
0 85
75 10
48 37
41 44
6 79
35 50
24 61
34 51
26 59
71 14
70 15
23 62
69 16
65 20
25 60
74 11
76 9
3 82
72 13
9 76
66 19
45 40
38 47
44 41
2 83
47 38
1 84
32 53
46 39
21 64
77 8
8 77
64 21
68 17
42 43
37 48
15 70
84 1
22 63
85 0
5 80
73 12
11 74
39 46
10 75
33 52
36 49
43 42
67 18
4 81
14 71
57 28
56 29
81 4
78 7
63 22
30 55
49 36
28 57
61 24
27 58
82 3
50 35
83 2
62 23
54 31
53 32
20 65
55 30
16 69
31 54
19 66
59 26
58 27
52 33
17 68
80 5
29 56
79 6
60 25
18 67
51 34
25 61
36 50
73 13
72 14
70 16
15 71
71 15
35 51
58 28
47 39
85 1
81 5
45 41
16 70
23 63
33 53
17 69
48 38
44 42
24 62
74 12
20 66
11 75
68 18
2 84
34 52
8 78
86 0
19 67
41 45
28 58
38 48
6 80
31 55
29 57
83 3
78 8
55 31
63 23
84 2
57 29
32 54
60 26
50 36
65 21
5 81
22 64
39 47
3 83
77 9
66 20
7 79
52 34
51 35
1 85
69 17
75 11
80 6
0 86
4 82
14 72
49 37
64 22
21 65
79 7
42 44
18 68
56 30
9 77
30 56
13 73
76 10
67 19
46 40
12 74
43 43
40 46
59 27
53 33
61 25
82 4
26 60
10 76
54 32
62 24
37 49
27 59
69 18
78 9
41 46
84 3
39 48
57 30
10 77
34 53
56 31
9 78
87 0
31 56
4 83
3 84
14 73
21 66
85 2
60 27
68 19
18 69
25 62
47 40
26 61
23 64
73 14
37 50
53 34
52 35
16 71
63 24
11 76
6 81
79 8
76 11
67 20
5 82
81 6
0 87
48 39
40 47
30 57
82 5
72 15
46 41
22 65
27 60
54 33
77 10
38 49
20 67
74 13
42 45
2 85
49 38
28 59
19 68
32 55
43 44
36 51
64 23
71 16
44 43
58 29
61 26
66 21
75 12
7 80
83 4
62 25
13 74
24 63
86 1
59 28
8 79
17 70
12 75
80 7
1 86
50 37
35 52
33 54
70 17
45 42
65 22
29 58
15 72
51 36
55 32
76 12
47 41
9 79
6 82
60 28
25 63
55 33
61 27
3 85
85 3
37 51
19 69
56 32
82 6
77 11
2 86
80 8
44 44
41 47
66 22
54 34
63 25
51 37
53 35
71 17
42 46
79 9
39 49
5 83
16 72
29 59
23 65
64 24
72 16
12 76
45 43
84 4
68 20
70 18
65 23
58 30
33 55
78 10
88 0
50 38
40 48
28 60
21 67
35 53
57 31
15 73
43 45
81 7
32 56
34 54
18 70
36 52
4 84
86 2
20 68
10 78
22 66
48 40
13 75
69 19
46 42
30 58
26 62
87 1
83 5
11 77
49 39
38 50
52 36
17 71
0 88
73 15
31 57
14 74
62 26
75 13
1 87
8 80
24 64
7 81
59 29
27 61
67 21
74 14
79 10
33 56
1 88
83 6
16 73
21 68
10 79
12 77
7 82
29 60
18 71
74 15
37 52
28 61
8 81
9 80
63 26
34 55
89 0
73 16
58 31
71 18
44 45
87 2
23 66
70 19
47 42
31 58
65 24
0 89
17 72
64 25
55 34
72 17
57 32
80 9
46 43
45 44
43 46
38 51
56 33
86 3
26 63
48 41
84 5
11 78
67 22
4 85
20 69
62 27
69 20
3 86
14 75
6 83
54 35
50 39
19 70
76 13
53 36
81 8
22 67
42 47
24 65
61 28
2 87
35 54
36 53
30 59
32 57
40 49
85 4
25 64
60 29
13 76
75 14
41 48
68 21
5 84
52 37
77 12
39 50
66 23
49 40
15 74
88 1
59 30
27 62
51 38
78 11
82 7
6 84
73 17
53 37
75 15
79 11
88 2
10 80
78 12
65 25
19 71
4 86
83 7
24 66
61 29
67 23
69 21
51 39
5 85
49 41
40 50
39 51
18 72
11 79
41 49
64 26
30 60
36 54
47 43
37 53
59 31
31 59
90 0
22 68
85 5
33 57
12 78
32 58
42 48
17 73
26 64
50 40
9 81
58 32
35 55
3 87
71 19
76 14
38 52
72 18
29 61
74 16
1 89
62 28
7 83
57 33
81 9
82 8
45 45
46 44
34 56
55 35
0 90
60 30
68 22
56 34
20 70
52 38
44 46
77 13
23 67
86 4
2 88
48 42
54 36
63 27
21 69
89 1
8 82
87 3
15 75
25 65
80 10
14 76
13 77
70 20
27 63
16 74
84 6
28 62
66 24
43 47
3 88
65 26
53 38
13 78
63 28
60 31
58 33
68 23
16 75
28 63
24 67
40 51
6 85
62 29
49 42
11 80
1 90
38 53
89 2
51 40
7 84
46 45
43 48
21 70
73 18
79 12
36 55
2 89
83 8
0 91
87 4
45 46
57 34
69 22
56 35
78 13
12 79
82 9
8 83
15 76
67 24
71 20
47 44
88 3
29 62
23 68
18 73
90 1
72 19
80 11
84 7
35 56
75 16
31 60
81 10
61 30
85 6
17 74
9 82
26 65
44 47
86 5
32 59
37 54
48 43
55 36
91 0
34 57
27 64
10 81
42 49
25 66
77 14
39 52
59 32
30 61
74 17
54 37
64 27
41 50
50 41
19 72
70 21
52 39
22 69
33 58
66 25
5 86
20 71
4 87
76 15
14 77
59 33
87 5
8 84
6 86
24 68
91 1
85 7
82 10
18 74
13 79
60 32
88 4
3 89
48 44
20 72
67 25
14 78
43 49
75 17
55 37
49 43
33 59
80 12
41 51
7 85
64 28
70 22
29 63
56 36
77 15
72 20
34 58
65 27
51 41
53 39
23 69
21 71
5 87
78 14
68 24
15 77
31 61
40 52
26 66
11 81
28 64
35 57
92 0
36 56
10 82
52 40
19 73
73 19
81 11
30 62
62 30
86 6
27 65
1 91
76 16
84 8
45 47
89 3
46 46
58 34
57 35
42 50
16 76
9 83
38 54
63 29
66 26
54 38
4 88
22 70
47 45
69 23
50 42
37 55
17 75
83 9
25 67
2 90
0 92
79 13
32 60
61 31
12 80
44 48
90 2
74 18
39 53
71 21
77 16
31 62
90 3
61 32
89 4
19 74
17 76
20 73
15 78
92 1
2 91
3 90
88 5
83 10
80 13
63 30
82 11
36 57
37 56
0 93
62 31
81 12
16 77
42 51
32 61
78 15
45 48
65 28
1 92
79 14
47 46
26 67
27 66
21 72
18 75
66 27
49 44
48 45
67 26
43 50
46 47
44 49
64 29
29 64
12 81
58 35
4 89
93 0
33 60
10 83
11 82
84 9
73 20
75 18
91 2
68 25
87 6
70 23
55 38
57 36
6 87
76 17
30 63
51 42
56 37
8 85
7 86
50 43
5 88
53 40
54 39
24 69
13 80
60 33
22 71
28 65
25 68
71 22
86 7
85 8
72 21
23 70
52 41
35 58
38 55
14 79
59 34
74 19
39 54
34 59
9 84
41 52
69 24
40 53
39 55
29 65
92 2
85 9
6 88
73 21
4 90
58 36
33 61
83 11
45 49
32 62
14 80
75 19
64 30
35 59
60 34
13 81
48 46
42 52
70 24
8 86
17 77
36 58
94 0
53 41
82 12
79 15
66 28
0 94
23 71
28 66
18 76
34 60
91 3
12 82
63 31
76 18
3 91
61 33
9 85
88 6
57 37
68 26
7 87
54 40
49 45
52 42
78 16
38 56
50 44
1 93
20 74
65 29
71 23
69 25
22 72
5 89
80 14
77 17
37 57
51 43
67 27
43 51
25 69
30 64
56 38
40 54
62 32
41 53
10 84
15 79
46 48
2 92
84 10
27 67
87 7
93 1
24 70
19 75
26 68
86 8
81 13
72 22
74 20
21 73
16 78
31 63
47 47
90 4
59 35
55 39
89 5
44 50
11 83
9 86
22 73
47 48
95 0
65 30
82 13
41 54
45 50
49 46
33 62
28 67
37 58
11 84
3 92
48 47
54 41
42 53
76 19
83 12
1 94
67 28
87 8
25 70
29 66
71 24
4 91
19 76
59 36
26 69
56 39
55 40
68 27
38 57
8 87
89 6
20 75
81 14
73 22
60 35
75 20
57 38
31 64
12 83
84 11
72 23
10 85
13 82
34 61
74 21
66 29
61 34
92 3
2 93
39 56
30 65
16 79
51 44
46 49
7 88
53 42
50 45
40 55
6 89
69 26
5 90
63 32
93 2
58 37
64 31
77 18
35 60
14 81
94 1
86 9
70 25
15 80
23 72
62 33
79 16
21 74
90 5
32 63
17 78
52 43
0 95
44 51
78 17
91 4
43 52
27 68
80 15
88 7
85 10
36 59
18 77
24 71
16 80
47 49
43 53
77 19
24 72
63 33
28 68
88 8
80 16
76 20
84 12
22 74
32 64
49 47
39 57
0 96
71 25
31 65
87 9
55 41
34 62
81 15
75 21
67 29
35 61
6 90
2 94
30 66
79 17
26 70
57 39
27 69
68 28
45 51
61 35
95 1
69 27
74 22
13 83
18 78
36 60
33 63
53 43
73 23
46 50
83 13
21 75
91 5
23 73
25 71
82 14
92 4
15 81
4 92
78 18
93 3
48 48
38 58
89 7
58 38
62 34
7 89
66 30
10 86
9 87
11 85
52 44
70 26
17 79
90 6
72 24
96 0
94 2
64 32
14 82
5 91
19 77
65 31
1 95
85 11
50 46
37 59
86 10
29 67
12 84
8 88
42 54
3 93
59 37
54 42
41 55
20 76
40 56
56 40
60 36
44 52
51 45
28 69
65 32
56 41
87 10
49 48
90 7
46 51
70 27
44 53
42 55
4 93
53 44
68 29
72 25
43 54
11 86
27 70
33 64
41 56
25 72
75 22
29 68
77 20
13 84
30 67
5 92
18 79
83 14
54 43
8 89
22 75
59 38
61 36
15 82
66 31
6 91
95 2
71 26
91 6
10 87
67 30
52 45
12 85
57 40
21 76
55 42
39 58
9 88
86 11
93 4
7 90
73 24
69 28
31 66
3 94
26 71
38 59
40 57
82 15
45 52
80 17
20 77
97 0
16 81
51 46
60 37
94 3
79 18
63 34
0 97
89 8
81 16
74 23
36 61
50 47
85 12
24 73
92 5
47 50
37 60
34 63
14 83
84 13
19 78
96 1
62 35
58 39
2 95
23 74
88 9
32 65
1 96
48 49
17 80
35 62
76 21
78 19
64 33
85 13
70 28
69 29
39 59
1 97
76 22
77 21
6 92
97 1
61 37
13 85
60 38
62 36
86 12
91 7
49 49
24 74
32 66
53 45
72 26
96 2
67 31
80 18
17 81
21 77
46 52
83 15
27 71
57 41
56 42
4 94
41 57
74 24
98 0
52 46
28 70
64 34
16 82
7 91
11 87
68 30
3 95
30 68
43 55
9 89
88 10
66 32
19 79
73 25
54 44
26 72
47 51
55 43
95 3
81 17
93 5
20 78
35 63
38 60
82 16
65 33
18 80
89 9
8 90
10 88
34 64
51 47
25 73
48 50
15 83
63 35
59 39
71 27
23 75
78 20
0 98
58 40
29 69
5 93
44 54
94 4
42 56
31 67
12 86
50 48
14 84
45 53
92 6
87 11
33 65
37 61
40 58
22 76
36 62
84 14
79 19
2 96
90 8
75 23
44 55
46 53
29 70
31 68
41 58
34 65
32 67
43 56
27 72
48 51
62 37
40 59
45 54
30 69
42 57
36 63
39 60
35 64
26 73
33 66
38 61
37 62
28 71
47 52
49 50
91 8
5 94
97 2
13 86
63 36
54 45
21 78
96 3
68 31
79 20
86 13
87 12
65 34
78 21
60 39
70 29
7 92
24 75
51 48
18 81
57 42
15 84
9 90
73 26
17 82
99 0
85 14
58 41
69 30
76 23
64 35
53 46
22 77
12 87
75 24
11 88
94 5
59 40
93 6
23 76
52 47
83 16
8 91
0 99
80 19
16 83
98 1
67 32
55 44
20 79
25 74
50 49
4 95
2 97
6 93
74 25
1 98
88 11
19 80
61 38
56 43
66 33
72 27
14 85
90 9
10 89
81 18
89 10
84 15
3 96
82 17
95 4
92 7
71 28
77 22
40 60
57 43
23 77
13 87
28 72
74 26
19 81
49 51
20 80
95 5
67 33
54 46
90 10
70 30
45 55
38 62
59 41
58 42
9 91
10 90
65 35
83 17
66 34
69 31
68 32
93 7
48 52
22 78
56 44
98 2
55 45
21 79
5 95
97 3
86 14
29 71
41 59
11 89
3 97
84 16
75 25
79 21
78 22
32 68
12 88
71 29
47 53
16 84
89 11
4 96
52 48
25 75
42 58
8 92
85 15
92 8
88 12
87 13
61 39
80 20
64 36
50 50
14 86
7 93
43 57
73 27
91 9
63 37
62 38
2 98
99 1
15 85
44 56
35 65
27 73
51 49
26 74
82 18
30 70
96 4
72 28
34 66
46 54
1 99
76 24
77 23
31 69
33 67
60 40
6 94
24 76
53 47
81 19
39 61
37 63
17 83
36 64
94 6
18 82
6 95
91 10
86 15
44 57
47 54
77 24
78 23
19 82
16 85
32 69
66 35
4 97
36 65
60 41
76 25
68 33
58 43
64 37
21 80
63 38
5 96
15 86
65 36
49 52
95 6
62 39
18 83
67 34
79 22
85 16
30 71
99 2
40 61
20 81
94 7
90 11
59 42
17 84
61 40
13 88
48 53
43 58
83 18
41 60
92 9
31 70
14 87
23 78
96 5
51 50
72 29
81 20
88 13
93 8
98 3
56 45
35 66
26 75
53 48
70 31
9 92
84 17
50 51
89 12
11 90
10 91
82 19
2 99
45 56
34 67
37 64
7 94
75 26
25 76
12 89
54 47
29 72
55 46
24 77
38 63
71 30
87 14
69 32
27 74
22 79
28 73
57 44
52 49
97 4
73 28
74 27
46 55
80 21
42 59
8 93
3 98
33 68
39 62
55 47
89 13
37 65
96 6
4 98
64 38
53 49
41 61
65 37
75 27
26 76
76 26
87 15
62 40
35 67
45 57
3 99
13 89
48 54
78 24
79 23
90 12
27 75
93 9
44 58
84 18
74 28
49 53
94 8
18 84
36 66
10 92
54 48
91 11
32 70
6 96
39 63
98 4
28 74
17 85
63 39
66 36
73 29
29 73
52 50
9 93
16 86
82 20
19 83
77 25
97 5
31 71
34 68
86 16
40 62
68 34
99 3
57 45
50 52
24 78
80 22
71 31
22 80
8 94
81 21
85 17
21 81
51 51
12 90
60 42
70 32
43 59
14 88
23 79
7 95
58 44
95 7
61 41
47 55
92 10
46 56
67 35
20 82
38 64
83 19
5 97
11 91
30 72
56 46
25 77
15 87
42 60
72 30
69 33
33 69
59 43
88 14
33 70
99 4
46 57
78 25
97 6
71 32
4 99
43 60
66 37
48 55
14 89
10 93
70 33
86 17
76 27
35 68
67 36
34 69
79 24
77 26
49 54
93 10
36 67
68 35
12 91
16 87
17 86
73 30
40 63
98 5
74 29
18 85
87 16
69 34
72 31
9 94
47 56
11 92
37 66
94 9
13 90
45 58
15 88
75 28
8 95
32 71
39 64
57 46
30 73
25 78
58 45
29 74
26 77
50 53
28 75
64 39
6 97
96 7
7 96
53 50
81 22
63 40
85 18
60 43
91 12
92 11
31 72
51 52
23 80
42 61
89 14
20 83
62 41
61 42
24 79
59 44
27 76
56 47
90 13
44 59
80 23
22 81
88 15
82 21
38 65
54 49
41 62
19 84
65 38
83 20
5 98
21 82
95 8
52 51
55 48
84 19
40 64
23 81
32 72
52 52
13 91
82 22
70 34
90 14
9 95
48 56
88 16
85 19
78 26
91 13
37 67
26 78
25 79
44 60
60 44
5 99
45 59
15 89
83 21
42 62
36 68
53 51
10 94
87 17
79 25
73 31
49 55
62 42
59 45
7 97
14 90
33 71
99 5
61 43
71 33
72 32
24 80
74 30
97 7
27 77
16 88
58 46
76 28
56 48
20 84
12 92
66 38
50 54
81 23
38 66
41 63
64 40
77 27
96 8
18 86
21 83
28 76
19 85
93 11
86 18
92 12
65 39
68 36
11 93
34 70
30 74
51 53
46 58
95 9
31 73
39 65
22 82
63 41
47 57
6 98
69 35
54 50
84 20
75 29
17 87
80 24
89 15
57 47
29 75
8 96
94 10
98 6
67 37
55 49
43 61
35 69
40 65
27 78
86 19
7 98
74 31
91 14
12 93
48 57
61 44
56 49
11 94
96 9
78 27
54 51
46 59
57 48
29 76
85 20
38 67
92 13
79 26
49 56
55 50
59 46
76 29
14 91
58 47
33 72
30 75
32 73
13 92
42 63
39 66
28 77
75 30
41 64
77 28
88 17
93 12
15 90
97 8
60 45
31 74
19 86
51 54
53 52
82 23
24 81
63 42
17 88
65 40
98 7
71 34
25 80
66 39
69 36
72 33
62 43
34 71
52 53
94 11
64 41
9 96
18 87
23 82
70 35
87 18
73 32
81 24
22 83
44 61
36 69
95 10
83 22
89 16
35 70
10 95
47 58
84 21
67 38
21 84
37 68
99 6
6 99
43 62
16 89
80 25
90 15
20 85
8 97
45 60
68 37
26 79
50 55
69 37
87 19
36 70
96 10
41 65
56 50
22 84
37 69
91 15
31 75
71 35
77 29
59 47
45 61
24 82
57 49
82 24
20 86
23 83
70 36
32 74
48 58
98 8
53 53
33 73
67 39
94 12
39 67
21 85
78 28
52 54
40 66
83 23
43 63
66 40
13 93
97 9
49 57
79 27
58 48
68 38
14 92
9 97
76 30
29 77
26 80
42 64
65 41
8 98
89 17
61 45
16 90
63 43
35 71
85 21
44 62
28 78
73 33
51 55
75 31
81 25
7 99
92 14
47 59
38 68
55 51
17 89
62 44
12 94
27 79
46 60
74 32
93 13
10 96
19 87
30 76
86 20
88 18
80 26
95 11
99 7
84 22
50 56
60 46
11 95
15 91
18 88
25 81
34 72
64 42
54 52
90 16
72 34
42 65
13 94
11 96
83 24
41 66
43 64
47 60
81 26
48 59
82 25
84 23
87 20
50 57
98 9
89 18
88 19
85 22
10 97
9 98
49 58
12 95
86 21
99 8
76 31
18 89
37 70
72 35
75 32
69 38
46 61
23 84
25 82
66 41
39 68
17 90
32 75
90 17
53 54
59 48
97 10
77 30
16 91
29 78
54 53
62 45
73 34
19 88
24 83
68 39
91 16
31 76
22 85
94 13
74 33
52 55
67 40
57 50
20 87
93 14
60 47
30 77
15 92
95 12
44 63
8 99
63 44
28 79
58 49
79 28
70 37
27 80
64 43
36 71
38 69
45 62
80 27
14 93
35 72
61 46
71 36
96 11
92 15
33 74
21 86
40 67
56 51
55 52
51 56
34 73
26 81
78 29
65 42
10 98
71 37
55 53
63 45
39 69
44 64
70 38
31 77
24 84
43 65
93 15
90 18
87 21
46 62
37 71
65 43
28 80
29 79
64 44
66 42
27 81
56 52
57 51
97 11
86 22
11 97
94 14
49 59
12 96
67 41
47 61
26 82
62 46
38 70
68 40
30 78
85 23
69 39
25 83
82 26
40 68
83 25
61 47
76 32
14 94
23 85
33 75
77 31
18 90
91 17
60 48
78 30
52 56
34 74
41 67
19 89
48 60
17 91
35 73
79 29
16 92
96 12
80 28
42 66
59 49
45 63
89 19
51 57
81 27
15 93
99 9
73 35
36 72
50 58
9 99
98 10
72 36
22 86
54 54
95 13
53 55
84 24
21 87
13 95
20 88
92 16
32 76
74 34
75 33
58 50
88 20
96 13
37 72
90 19
97 12
16 93
60 49
12 97
66 43
30 79
32 77
59 50
62 47
31 78
65 44
11 98
36 73
45 64
58 51
63 46
34 75
64 45
35 74
61 48
95 14
33 76
89 20
50 59
23 86
93 16
21 88
75 34
41 68
22 87
85 24
74 35
55 54
76 33
73 36
99 10
10 99
17 92
24 85
51 58
81 28
40 69
49 60
54 55
84 25
77 32
15 94
20 89
78 31
19 90
92 17
79 30
53 56
80 29
42 67
83 26
18 91
48 61
88 21
52 57
38 71
29 80
47 62
82 27
46 63
98 11
67 42
28 81
57 52
87 22
91 18
43 66
26 83
94 15
44 65
72 37
25 84
14 95
71 38
56 53
68 41
86 23
70 39
27 82
69 40
39 70
13 96
50 60
47 63
98 12
93 17
94 16
97 13
95 15
49 61
96 14
99 11
11 99
48 62
92 18
12 98
39 71
21 89
79 31
29 81
20 90
58 52
68 42
80 30
54 56
43 67
19 91
30 80
78 32
81 29
18 92
67 43
82 28
83 27
31 79
59 51
17 93
53 57
66 44
27 83
41 69
73 37
25 85
26 84
74 36
24 86
56 54
72 38
57 53
75 35
23 87
91 19
71 39
76 34
42 68
22 88
28 82
40 70
77 33
70 40
55 55
69 41
89 21
46 64
37 73
86 24
52 58
64 46
51 59
45 65
15 95
36 74
62 48
34 76
60 50
87 23
14 96
35 75
63 47
88 22
13 97
32 78
65 45
44 66
90 20
84 26
61 49
16 94
33 77
85 25
38 72
67 44
37 74
58 53
42 69
92 19
29 82
38 73
72 39
62 49
74 37
63 48
27 84
73 38
28 83
12 99
33 78
60 51
66 45
32 79
68 43
34 77
40 71
98 13
31 80
39 72
49 62
97 14
36 75
69 42
65 46
35 76
59 52
30 81
50 61
70 41
61 50
71 40
41 70
64 47
86 25
81 30
94 17
55 56
99 12
20 91
82 29
19 92
84 27
48 63
54 57
18 93
45 66
51 60
85 26
17 94
83 28
87 24
53 58
46 65
16 95
88 23
15 96
89 22
90 21
93 18
13 98
52 59
47 64
14 97
91 20
95 16
77 34
43 68
24 87
23 88
78 33
76 35
25 86
56 55
57 54
75 36
96 15
21 90
44 67
80 31
26 85
79 32
22 89
39 73
38 74
40 72
25 87
47 65
36 76
27 85
15 97
29 83
17 95
28 84
26 86
16 96
37 75
48 64
43 69
49 63
22 90
32 80
45 67
50 62
23 89
21 91
31 81
41 71
56 56
20 92
33 79
44 68
14 98
42 70
24 88
34 78
46 66
19 93
35 77
30 82
18 94
13 99
58 54
72 40
91 21
66 46
76 36
53 59
93 19
89 23
75 37
90 22
54 58
68 44
64 48
71 41
94 18
95 17
80 32
60 52
57 55
70 42
92 20
82 30
78 34
86 26
85 27
65 47
69 43
81 31
77 35
51 61
83 29
88 24
62 50
67 45
74 38
96 16
79 33
97 15
61 51
52 60
55 57
87 25
84 28
73 39
98 14
99 13
59 53
63 49
34 79
93 20
35 78
70 43
27 86
14 99
50 63
23 90
92 21
68 45
44 69
79 34
59 54
98 15
99 14
82 31
77 36
69 44
18 95
31 82
53 60
88 25
46 67
57 56
49 64
74 39
30 83
73 40
25 88
80 33
75 38
29 84
89 24
47 66
56 57
33 80
20 93
76 37
90 23
91 22
17 96
28 85
32 81
72 41
81 32
24 89
55 58
58 55
71 42
45 68
86 27
15 98
62 51
36 77
61 52
67 46
94 19
85 28
83 30
97 16
95 18
65 48
19 94
96 17
64 49
39 74
66 47
37 76
54 59
22 91
21 92
43 70
16 97
63 50
48 65
42 71
40 73
60 53
84 29
38 75
87 26
78 35
26 87
52 61
51 62
41 72
18 96
58 56
74 40
66 48
23 91
77 37
88 26
21 93
91 23
96 18
52 62
95 19
92 22
19 95
57 57
85 29
48 66
64 50
30 84
41 73
81 33
79 35
42 72
26 88
76 38
90 24
16 98
86 28
31 83
63 51
75 39
65 49
50 64
43 71
47 67
40 74
32 82
55 59
54 60
94 20
89 25
97 17
33 81
98 16
87 27
70 44
80 34
20 94
45 69
68 46
93 21
37 77
60 54
28 86
36 78
15 99
44 70
61 53
83 31
49 65
17 97
99 15
53 61
24 90
34 80
62 52
59 55
27 87
84 30
56 58
46 68
51 63
29 85
25 89
69 45
67 47
72 42
82 32
38 76
71 43
78 36
22 92
35 79
73 41
39 75
21 94
89 26
50 65
29 86
36 79
57 58
30 85
91 24
79 36
80 35
56 59
78 37
90 25
63 52
37 78
16 99
70 45
18 97
62 53
45 70
38 77
69 46
99 16
98 17
39 76
68 47
95 20
44 71
40 75
67 48
96 19
97 18
17 98
41 74
66 49
64 51
43 72
42 73
65 50
19 96
49 66
31 84
77 38
20 95
32 83
76 39
59 56
48 67
33 82
75 40
92 23
93 22
58 57
34 81
74 41
60 55
47 68
35 80
73 42
72 43
86 29
61 54
71 44
46 69
94 21
25 90
84 31
55 60
82 33
22 93
85 30
27 88
23 92
28 87
81 34
53 62
24 91
88 27
83 32
26 89
87 28
51 64
52 63
54 61
72 44
94 22
96 20
65 51
44 72
33 83
86 30
70 46
63 53
90 26
66 50
30 86
35 81
84 32
75 41
68 48
45 71
55 61
31 85
24 92
79 37
52 64
42 74
77 39
60 56
49 67
95 21
40 76
85 31
97 19
19 97
34 82
64 52
23 93
56 60
43 73
76 40
50 66
88 28
93 23
80 36
29 87
41 75
71 45
78 38
89 27
28 88
22 94
36 80
46 70
74 42
32 84
54 62
91 25
59 57
67 49
99 17
83 33
17 99
62 54
73 43
82 34
87 29
69 47
92 24
98 18
39 77
51 65
21 95
61 55
81 35
18 98
58 58
27 89
37 79
47 69
20 96
48 68
25 91
57 59
38 78
26 90
53 63
78 39
51 66
41 76
33 84
66 51
84 33
97 20
34 83
79 38
70 47
87 30
89 28
45 72
43 74
29 88
22 95
47 70
62 55
28 89
40 77
49 68
19 98
21 96
90 27
88 29
37 80
48 69
75 42
68 49
18 99
54 63
63 54
38 79
74 43
27 90
26 91
61 56
50 67
96 21
35 82
24 93
57 60
77 40
94 23
73 44
25 92
95 22
55 62
71 46
64 53
36 81
85 32
76 41
99 18
44 73
23 94
60 57
31 86
91 26
30 87
39 78
92 25
81 36
20 97
93 24
82 35
42 75
69 48
32 85
58 59
65 52
83 34
98 19
86 31
72 45
80 37
53 64
67 50
59 58
46 71
52 65
56 61
91 27
29 89
70 48
93 25
33 85
48 70
45 73
36 82
27 91
41 77
24 94
50 68
20 98
58 60
51 67
87 31
25 93
19 99
65 53
89 29
62 56
73 45
54 64
26 92
22 96
97 21
76 42
77 41
53 65
37 81
31 87
49 69
32 86
72 46
67 51
43 75
68 50
92 26
96 22
86 32
57 61
63 55
82 36
95 23
38 80
74 44
47 71
78 40
21 97
69 49
60 58
85 33
71 47
75 43
34 84
35 83
56 62
66 52
88 30
90 28
84 34
94 24
83 35
40 78
99 19
23 95
61 57
59 59
80 38
30 88
39 79
44 74
46 72
52 66
79 39
81 37
28 90
55 63
98 20
64 54
42 76
62 57
78 41
25 94
23 96
59 60
33 86
92 27
68 51
32 87
38 81
87 32
57 62
53 66
81 38
84 35
70 49
69 50
42 77
47 72
72 47
30 89
45 74
61 58
64 55
28 91
35 84
49 70
73 46
51 68
90 29
48 71
50 69
41 78
22 97
54 65
39 80
65 54
76 43
86 33
46 73
91 28
67 52
34 85
36 83
94 25
98 21
89 30
71 48
29 90
52 67
88 31
74 45
37 82
26 93
20 99
21 98
82 37
66 53
55 64
80 39
63 56
27 92
56 63
99 20
95 24
85 34
44 75
43 76
96 23
40 79
97 22
93 26
77 42
31 88
60 59
83 36
58 61
24 95
79 40
75 44
40 80
29 91
60 60
87 33
57 63
75 45
26 94
30 90
59 61
71 49
86 34
50 70
21 99
23 97
41 79
77 43
33 87
58 62
78 42
95 25
66 54
32 88
56 64
53 67
24 96
44 76
47 73
64 56
28 92
22 98
81 39
83 37
90 30
89 31
37 83
76 44
96 24
27 93
25 95
61 59
97 23
68 52
82 38
63 57
72 48
42 78
36 84
48 72
46 74
73 47
67 53
54 66
88 32
70 50
93 27
52 68
49 71
43 77
62 58
31 89
65 55
51 69
79 41
55 65
34 86
38 82
39 81
99 21
35 85
92 28
80 40
85 35
84 36
94 26
74 46
98 22
45 75
91 29
69 51
90 31
91 30
94 27
77 44
47 74
61 60
68 53
43 78
76 45
52 69
98 23
97 24
62 59
69 52
64 57
73 48
88 33
55 66
74 47
49 72
48 73
37 84
83 38
26 95
38 83
33 88
82 39
23 98
65 56
35 86
87 34
59 62
96 25
27 94
71 50
50 71
63 58
34 87
56 65
30 91
86 35
46 75
93 28
85 36
36 85
92 29
57 64
84 37
40 81
41 80
72 49
51 70
58 63
25 96
79 42
44 77
53 68
31 90
32 89
66 55
22 99
70 51
80 41
24 97
78 43
29 92
28 93
54 67
45 76
67 54
39 82
81 40
60 61
42 79
95 26
75 46
99 22
89 32
60 62
77 45
51 71
25 97
71 51
52 70
47 75
45 77
93 29
32 90
69 53
70 52
61 61
74 48
75 47
76 46
46 76
30 92
29 93
59 63
83 39
73 49
87 35
99 23
24 98
94 28
26 96
86 36
54 68
66 56
37 85
33 89
56 66
67 55
42 80
58 64
55 67
85 37
81 41
89 33
41 81
98 24
50 72
90 32
40 82
65 57
82 40
96 26
63 59
57 65
78 44
92 30
88 34
39 83
48 74
91 31
34 88
97 25
44 78
28 94
27 95
95 27
72 50
53 69
49 73
68 54
80 42
38 84
23 99
35 87
31 91
64 58
84 38
43 79
79 43
36 86
62 60
75 48
57 66
76 47
85 38
39 84
28 95
79 44
95 28
89 34
73 50
98 25
29 94
52 71
37 86
65 58
36 87
61 62
58 65
88 35
64 59
48 75
38 85
90 33
59 64
87 36
94 29
86 37
99 24
51 72
66 57
71 52
32 91
68 55
72 51
34 89
55 68
46 77
27 96
53 70
74 49
43 80
60 63
81 42
24 99
35 88
26 97
44 79
80 43
69 54
63 60
54 69
96 27
45 78
92 31
70 53
49 74
93 30
42 81
67 56
30 93
41 82
56 67
47 76
25 98
77 46
83 40
97 26
84 39
91 32
31 92
62 61
50 73
82 41
40 83
78 45
33 90
74 50
26 98
51 73
50 74
76 48
33 91
75 49
96 28
52 72
73 51
63 61
90 34
83 41
31 93
85 39
68 56
42 82
57 67
84 40
98 26
92 32
43 81
36 88
69 55
35 89
56 68
28 96
44 80
61 63
82 42
25 99
45 79
60 64
99 25
30 94
38 86
66 58
37 87
59 65
89 35
91 33
39 85
62 62
88 36
87 37
67 57
65 59
58 66
40 84
86 38
29 95
41 83
81 43
79 45
34 90
47 77
54 70
32 92
78 46
27 97
71 53
48 76
77 47
80 44
94 30
46 78
93 31
70 54
49 75
97 27
72 52
53 71
55 69
95 29
64 60
89 36
75 50
88 37
33 92
35 90
91 34
41 84
80 45
49 76
77 48
39 86
40 85
31 94
50 75
92 33
90 35
78 47
97 28
96 29
79 46
38 87
99 26
46 79
82 43
83 42
36 89
45 80
29 96
98 27
76 49
94 31
84 41
47 78
95 30
44 81
93 32
87 38
34 91
85 40
51 74
81 44
43 82
86 39
28 97
48 77
27 98
52 73
32 93
37 88
42 83
30 95
61 64
70 55
55 70
65 60
63 62
64 61
26 99
57 68
58 67
56 69
69 56
73 52
54 71
67 58
60 65
53 72
74 51
66 59
72 53
71 54
62 63
68 57
59 66
69 57
36 90
32 94
94 32
60 66
96 30
34 92
53 73
30 96
89 37
63 63
54 72
35 91
86 40
50 76
41 85
49 77
75 51
77 49
88 38
29 97
38 88
73 53
61 65
68 58
40 86
28 98
59 67
42 84
56 70
45 81
91 35
82 44
99 27
81 45
46 80
44 82
31 95
52 74
48 78
87 39
83 43
93 33
72 54
71 55
62 64
79 47
55 71
92 34
90 36
84 42
76 50
74 52
47 79
85 41
65 61
70 56
97 29
27 99
64 62
66 60
37 89
80 46
98 28
58 68
43 83
57 69
51 75
33 93
78 48
67 59
95 31
39 87
59 68
52 75
60 67
76 51
46 81
66 61
39 88
56 71
90 37
63 64
62 65
30 97
42 85
94 33
70 57
68 59
87 40
51 76
81 46
36 91
79 48
31 96
35 92
33 94
91 36
75 52
50 77
72 55
43 84
61 66
53 74
80 47
82 45
98 29
92 35
86 41
57 70
65 62
73 54
74 53
95 32
48 79
85 42
83 44
77 50
47 80
45 82
93 34
32 95
49 78
78 49
84 43
67 60
44 83
64 63
38 89
37 90
97 30
96 31
58 69
54 73
55 72
29 98
40 87
69 58
34 93
88 39
89 38
41 86
99 28
71 56
28 99
52 76
80 48
68 60
65 63
82 46
95 33
43 85
39 89
72 56
45 83
56 72
88 40
77 51
35 93
69 59
53 75
59 69
57 71
66 62
87 41
49 79
86 42
29 99
64 64
67 61
78 50
99 29
92 36
81 47
94 34
89 39
74 54
96 32
73 55
41 87
76 52
85 43
44 84
91 37
33 95
47 81
58 70
32 96
84 44
63 65
70 58
30 98
37 91
46 82
93 35
50 78
54 74
62 66
61 67
83 45
51 77
90 38
97 31
60 68
40 88
79 49
42 86
55 73
98 30
36 92
75 53
31 97
34 94
48 80
71 57
38 90
41 88
73 56
67 62
52 77
62 67
68 61
91 38
97 32
90 39
92 37
32 97
69 60
36 93
96 33
86 43
53 76
61 68
99 30
60 69
46 83
70 59
37 92
72 57
39 90
83 46
34 95
93 36
47 82
76 53
33 96
45 84
77 52
51 78
84 45
75 54
63 66
59 70
85 44
87 42
49 80
50 79
43 86
82 47
57 72
81 48
79 50
71 58
31 98
88 41
66 63
30 99
98 31
65 64
95 34
89 40
38 91
74 55
35 94
64 65
42 87
40 89
94 35
78 51
80 49
55 74
48 81
44 85
58 71
54 75
56 73
51 79
39 91
62 68
40 90
93 37
84 46
96 34
79 51
76 54
69 61
54 76
33 97
80 50
52 78
71 59
88 42
47 83
60 70
41 89
95 35
85 45
64 66
57 73
35 95
49 81
56 74
53 77
46 84
61 69
58 72
65 65
99 31
48 82
63 67
67 63
34 96
90 40
50 80
73 57
72 58
87 43
38 92
36 94
77 53
97 33
94 36
91 39
42 88
83 47
32 98
43 87
68 62
45 85
89 41
78 52
75 55
98 32
66 64
31 99
70 60
92 38
55 75
44 86
37 93
81 49
82 48
74 56
59 71
86 44
96 35
68 63
69 62
91 40
59 72
65 66
71 60
35 96
42 89
34 97
73 58
54 77
93 38
36 95
61 70
49 82
64 67
38 93
51 80
90 41
58 73
86 45
98 33
62 69
48 83
46 85
45 86
57 74
32 99
84 47
47 84
80 51
43 88
95 36
79 52
78 53
77 54
94 37
56 75
76 55
99 32
82 49
81 50
72 59
55 76
89 42
67 64
70 61
75 56
41 90
52 79
83 48
85 46
33 98
60 71
53 78
87 44
88 43
39 92
92 39
63 68
37 94
66 65
74 57
44 87
97 34
40 91
50 81
46 86
81 51
97 35
88 44
55 77
66 66
42 90
84 48
37 95
52 80
67 65
51 81
54 78
95 37
68 64
83 49
44 88
79 53
90 42
72 60
89 43
75 57
98 34
41 91
64 68
56 76
38 94
78 54
62 70
93 39
73 59
40 92
71 61
82 50
61 71
86 46
53 79
80 52
45 87
76 56
96 36
77 55
34 98
43 89
58 74
57 75
50 82
65 67
39 93
91 41
59 73
92 40
87 45
74 58
49 83
47 85
69 63
48 84
63 69
70 62
94 38
99 33
35 97
36 96
85 47
60 72
33 99
40 93
47 86
94 39
73 60
79 54
46 87
35 98
89 44
96 37
38 95
51 82
60 73
50 83
75 58
64 69
61 72
55 78
95 38
34 99
90 43
70 63
99 34
69 64
91 42
83 50
54 79
77 56
43 90
65 68
52 81
87 46
78 55
68 65
72 61
74 59
39 94
56 77
57 76
85 48
63 70
67 66
66 67
76 57
42 91
93 40
41 92
88 45
98 35
36 97
37 96
59 74
49 84
92 41
71 62
82 51
80 53
86 47
62 71
48 85
81 52
53 80
45 88
58 75
97 36
84 49
44 89
42 92
87 47
71 63
50 84
38 96
49 85
59 75
99 35
91 43
62 72
74 60
96 38
60 74
46 88
37 97
82 52
98 36
45 89
78 56
55 79
88 46
79 55
36 98
84 50
92 42
41 93
77 57
73 61
75 59
80 54
40 94
63 71
93 41
58 76
95 39
47 87
72 62
86 48
52 82
35 99
89 45
85 49
94 40
61 73
66 68
64 70
39 95
65 69
44 90
57 77
83 51
56 78
69 65
68 66
70 64
97 37
76 58
81 53
90 44
53 81
51 83
43 91
67 67
54 80
48 86
95 40
82 53
55 80
99 36
84 51
89 46
93 42
56 79
45 90
60 75
98 37
91 44
66 69
85 50
40 95
54 81
37 98
83 52
67 68
64 71
88 47
50 85
47 88
49 86
94 41
73 62
36 99
71 64
75 60
61 74
97 38
72 63
63 72
44 91
43 92
90 45
92 43
53 82
48 87
52 83
80 55
38 97
42 93
96 39
77 58
86 49
39 96
46 89
68 67
51 84
65 70
57 78
41 94
70 65
76 59
74 61
79 56
81 54
58 77
87 48
59 76
69 66
62 73
78 57
47 89
73 63
81 55
40 96
72 64
56 80
97 39
94 42
55 81
54 82
96 40
95 41
69 67
68 68
89 47
53 83
88 48
45 91
62 74
58 78
75 61
46 90
42 94
37 99
92 44
43 93
65 71
51 85
83 53
99 37
48 88
61 75
74 62
70 66
59 77
66 70
84 52
91 45
90 46
60 76
52 84
77 59
79 57
39 97
44 92
41 95
63 73
64 72
82 54
86 50
98 38
87 49
93 43
49 87
76 60
71 65
38 98
67 69
78 58
50 86
80 56
85 51
57 79
91 46
70 67
96 41
50 87
65 72
85 52
88 49
87 50
61 76
78 59
80 57
39 98
40 97
73 64
74 63
82 55
86 51
89 48
72 65
46 91
51 86
63 74
76 61
41 96
56 81
75 62
97 40
43 94
44 93
64 73
66 71
52 85
90 47
79 58
62 75
47 90
68 69
93 44
94 43
38 99
84 53
57 80
83 54
99 38
71 66
55 82
81 56
60 77
67 70
54 83
58 79
77 60
59 78
45 92
49 88
42 95
53 84
92 45
48 89
98 39
69 68
95 42
47 91
90 48
73 65
87 51
56 82
55 83
50 88
84 54
60 78
69 69
51 87
75 63
42 96
74 64
40 98
43 95
78 60
66 72
59 79
96 42
52 86
80 58
82 56
89 49
88 50
77 61
98 40
65 73
57 81
95 43
92 46
85 53
91 47
58 80
63 75
64 74
76 62
61 77
97 41
68 70
86 52
72 66
93 45
99 39
62 76
49 89
81 57
54 84
79 59
41 97
46 92
70 68
71 67
48 90
44 94
83 55
45 93
67 71
94 44
39 99
53 85
55 84
44 95
75 64
51 88
72 67
74 65
97 42
80 59
56 83
45 94
82 57
40 99
46 93
52 87
81 58
57 82
76 63
83 56
54 85
73 66
53 86
69 70
64 75
84 55
99 40
98 41
77 62
50 89
87 52
93 46
42 97
47 92
59 80
71 68
94 45
63 76
62 77
67 72
86 53
95 44
49 90
61 78
70 69
41 98
96 43
85 54
60 79
79 60
43 96
91 48
58 81
90 49
68 71
92 47
89 50
88 51
66 73
78 61
48 91
65 74
96 44
52 88
62 78
54 86
92 48
67 73
87 53
50 90
57 83
71 69
82 58
89 51
42 98
84 56
97 43
90 50
86 54
61 79
80 60
45 95
44 96
91 49
63 77
65 75
41 99
93 47
55 85
69 71
47 93
53 87
46 94
88 52
94 46
78 62
83 57
68 72
64 76
43 97
79 61
66 74
81 59
56 84
48 92
70 70
95 45
49 91
75 65
74 66
99 41
58 82
76 64
98 42
72 68
59 81
60 80
85 55
77 63
51 89
73 67
63 78
75 66
50 91
94 47
69 72
56 85
88 53
97 44
77 64
51 90
59 82
49 92
80 61
53 88
58 83
55 86
72 69
86 55
70 71
43 98
83 58
78 63
89 52
84 57
79 62
65 76
76 65
67 74
44 97
61 80
82 59
66 75
74 67
57 84
90 51
95 46
60 81
71 70
96 45
54 87
52 89
73 68
93 48
64 77
42 99
47 94
92 49
68 73
99 42
46 95
81 60
98 43
62 79
48 93
91 50
87 54
85 56
45 96
69 73
98 44
74 68
57 85
65 77
50 92
91 51
94 48
61 81
76 66
89 53
63 79
51 91
95 47
92 50
70 72
52 90
49 93
68 74
48 94
53 89
96 46
46 96
90 52
85 57
80 62
43 99
77 65
66 76
97 45
47 95
45 97
62 80
83 59
67 75
75 67
55 87
58 84
72 70
93 49
88 54
56 86
59 83
99 43
78 64
60 82
64 78
54 88
73 69
71 71
79 63
84 58
44 98
87 55
86 56
82 60
81 61
84 59
85 58
63 80
68 75
61 82
94 49
60 83
59 84
80 63
82 61
73 70
56 87
98 45
52 91
86 57
72 71
87 56
49 94
97 46
83 60
54 89
91 52
69 74
47 96
74 69
62 81
81 62
57 86
44 99
78 65
67 76
48 95
88 55
46 97
65 78
51 92
92 51
55 88
50 93
76 67
64 79
53 90
96 47
77 66
93 50
99 44
79 64
89 54
58 85
90 53
71 72
75 68
45 98
95 48
66 77
70 73
99 45
86 58
87 57
81 63
58 86
66 78
50 94
94 50
82 62
79 65
45 99
67 77
49 95
70 74
80 64
95 49
51 93
90 54
84 60
55 89
72 72
57 87
59 85
52 92
98 46
63 81
53 91
91 53
54 90
83 61
73 71
61 83
96 48
60 84
71 73
56 88
46 98
88 56
76 68
85 59
97 47
48 96
93 51
64 80
68 76
74 70
65 79
47 97
77 67
69 75
89 55
75 69
92 52
78 66
62 82
78 67
70 75
46 99
60 85
71 74
51 94
58 87
98 47
94 51
74 71
68 77
85 60
87 58
93 52
95 50
56 89
92 53
54 91
76 69
67 78
57 88
62 83
73 72
63 82
52 93
59 86
89 56
82 63
72 73
81 64
66 79
53 92
84 61
49 96
50 95
64 81
91 54
86 59
90 55
79 66
96 49
80 65
83 62
47 98
65 80
61 84
88 57
75 70
48 97
97 48
99 46
55 90
77 68
69 76
59 87
75 71
81 65
53 93
65 81
60 86
91 55
88 58
48 98
73 73
55 91
72 74
92 54
98 48
96 50
63 83
97 49
66 80
70 76
90 56
47 99
87 59
64 82
86 60
62 84
74 72
76 70
49 97
69 77
58 88
52 94
56 90
80 66
78 68
94 52
68 78
77 69
57 89
93 53
84 62
50 96
95 51
51 95
71 75
61 85
54 92
99 47
89 57
79 67
85 61
82 64
67 79
83 63
83 64
56 91
69 78
52 95
93 54
78 69
66 81
59 88
64 83
74 73
51 96
60 87
75 72
87 60
55 92
94 53
65 82
61 86
99 48
91 56
68 79
84 63
86 61
58 89
71 76
85 62
67 80
82 65
89 58
54 93
90 57
50 97
72 75
96 51
73 74
62 85
76 71
80 67
53 94
98 49
79 68
95 52
97 50
81 66
57 90
88 59
70 77
77 70
92 55
63 84
49 98
48 99
76 72
67 81
99 49
49 99
90 58
84 64
87 61
69 79
58 90
82 66
61 87
96 52
79 69
65 83
70 78
88 60
95 53
60 88
92 56
89 59
56 92
52 96
53 95
94 54
85 63
66 82
59 89
80 68
68 80
81 67
93 55
63 85
57 91
98 50
75 73
50 98
83 65
62 86
74 74
77 71
54 94
55 93
97 51
73 75
51 97
91 57
86 62
72 76
64 84
78 70
71 77
62 87
56 93
88 61
58 91
86 63
60 89
77 72
90 59
57 92
61 88
89 60
87 62
59 90
84 65
99 50
51 98
55 94
52 97
66 83
75 74
85 64
95 54
53 96
80 69
81 68
78 71
74 75
63 86
70 79
71 78
98 51
83 66
65 84
96 53
50 99
64 85
67 82
82 67
79 70
72 77
68 81
76 73
91 58
94 55
73 76
54 95
93 56
92 57
97 52
69 80
93 57
81 69
60 90
73 77
72 78
98 52
54 96
80 70
90 60
70 80
87 63
68 82
83 67
69 81
91 59
95 55
96 54
55 95
94 56
66 84
82 68
62 88
61 89
67 83
86 64
58 92
71 79
97 53
84 66
85 65
79 71
75 75
99 51
76 74
53 97
78 72
63 87
57 93
64 86
52 98
56 94
88 62
92 58
77 73
89 61
65 85
74 76
59 91
51 99
64 87
59 92
55 96
80 71
96 55
77 74
62 89
68 83
97 54
70 81
92 59
93 58
95 56
56 95
60 91
63 88
84 67
90 61
83 68
53 98
78 73
71 80
73 78
81 70
66 85
75 76
74 77
88 63
61 90
94 57
89 62
57 94
99 52
69 82
82 69
86 65
52 99
87 64
76 75
72 79
65 86
98 53
91 60
85 66
79 72
54 97
67 84
58 93
91 61
71 81
70 82
63 89
89 63
97 55
85 67
80 72
82 70
73 79
76 76
62 90
75 77
90 62
83 69
74 78
92 60
55 97
77 75
99 53
98 54
60 92
56 96
81 71
78 74
54 98
84 68
79 73
72 80
61 91
67 85
96 56
53 99
69 83
57 95
94 58
95 57
64 88
58 94
66 86
68 84
86 66
93 59
87 65
59 93
65 87
88 64
74 79
79 74
99 54
73 80
88 65
66 87
58 95
87 66
60 93
77 76
65 88
85 68
70 83
64 89
68 85
82 71
67 86
97 56
78 75
61 92
83 70
56 97
57 96
94 59
91 62
90 63
89 64
84 69
71 82
92 61
59 94
98 55
81 72
76 77
54 99
93 60
86 67
75 78
55 98
96 57
95 58
72 81
80 73
62 91
69 84
63 90
77 77
92 62
64 90
88 66
84 70
85 69
62 92
60 94
89 65
98 56
78 76
69 85
97 57
94 60
75 79
70 84
76 78
74 80
63 91
96 58
81 73
87 67
73 81
55 99
82 72
99 55
95 59
56 98
59 95
67 87
90 64
80 74
93 61
79 75
58 96
57 97
61 93
72 82
71 83
86 68
68 86
91 63
83 71
65 89
66 88
78 77
86 69
94 61
61 94
83 72
91 64
73 82
64 91
97 58
82 73
98 57
69 86
65 90
90 65
57 98
68 87
79 76
81 74
84 71
70 85
80 75
62 93
85 70
58 97
71 84
99 56
76 79
63 92
59 96
89 66
72 83
87 68
66 89
67 88
77 78
95 60
75 80
60 95
96 59
56 99
93 62
74 81
88 67
92 63
81 75
84 72
63 93
92 64
59 97
73 83
93 63
60 96
58 98
86 70
64 92
74 82
71 85
95 61
88 68
70 86
67 89
65 91
85 71
82 74
68 88
89 67
94 62
98 58
69 87
97 59
76 80
75 81
61 95
83 73
72 84
91 65
78 78
90 66
96 60
79 77
62 94
66 90
57 99
80 76
99 57
87 69
77 79
66 91
70 87
99 58
95 62
68 89
86 71
90 67
67 90
64 93
83 74
79 78
69 88
97 60
77 80
98 59
80 77
58 99
62 95
71 86
76 81
84 73
88 69
65 92
59 98
75 82
94 63
73 84
87 70
81 76
74 83
61 96
60 97
93 64
91 66
92 65
96 61
63 94
82 75
85 72
72 85
89 68
78 79
64 94
77 81
97 61
76 82
74 84
91 67
95 63
79 79
59 99
96 62
63 95
99 59
67 91
86 72
94 64
85 73
92 66
73 85
88 70
60 98
82 76
66 92
75 83
61 97
93 65
83 75
90 68
68 90
65 93
69 89
71 87
62 96
80 78
89 69
72 86
87 71
84 74
98 60
81 77
70 88
78 80
60 99
66 93
61 98
65 94
67 92
98 61
62 97
64 95
63 96
87 72
70 89
89 70
73 86
78 81
68 91
74 85
95 64
96 63
88 71
82 77
71 88
81 78
77 82
86 73
83 76
69 90
85 74
75 84
84 75
76 83
99 60
97 62
92 67
94 65
93 66
79 80
91 68
80 79
72 87
90 69
74 86
88 72
65 95
84 76
70 90
94 66
87 73
78 82
63 97
76 84
71 89
86 74
80 80
67 93
85 75
95 65
61 99
98 62
68 92
99 61
77 83
91 69
66 94
69 91
64 96
79 81
75 85
92 68
82 78
96 64
90 70
97 63
73 87
89 71
72 88
93 67
81 79
62 98
83 77
64 97
65 96
79 82
71 90
66 95
81 80
62 99
72 89
85 76
83 78
80 81
82 79
84 77
99 62
96 65
68 93
95 66
94 67
74 87
93 68
92 69
75 86
70 91
91 70
76 85
97 64
98 63
67 94
63 98
90 71
69 92
89 72
73 88
78 83
86 75
88 73
77 84
87 74
73 89
69 93
75 87
80 82
79 83
76 86
65 97
78 84
77 85
81 81
74 88
67 95
68 94
63 99
99 63
98 64
64 98
91 71
90 72
92 70
82 80
72 90
89 73
88 74
71 91
87 75
70 92
93 69
94 68
83 79
86 76
66 96
97 65
85 77
95 67
84 78
96 66
97 66
76 87
99 64
98 65
93 70
70 93
77 86
78 85
94 69
96 67
79 84
95 68
68 95
84 79
83 80
67 96
64 99
85 78
82 81
86 77
87 76
88 75
65 98
66 97
81 82
89 74
80 83
90 73
69 94
91 72
92 71
73 90
75 88
72 91
74 89
71 92
93 71
73 91
94 70
84 80
75 89
90 74
66 98
85 79
88 76
77 87
68 96
87 77
79 85
91 73
74 90
92 72
65 99
86 78
81 83
78 86
80 84
99 65
98 66
76 88
71 93
67 97
97 67
72 92
96 68
82 82
69 95
89 75
83 81
95 69
70 94
76 89
89 76
68 97
88 77
90 75
87 78
66 99
80 85
69 96
86 79
78 87
85 80
71 94
84 81
70 95
83 82
82 83
77 88
81 84
79 86
94 71
67 98
95 70
96 69
75 90
93 72
74 91
92 73
97 68
91 74
99 66
72 93
98 67
73 92
78 88
80 86
96 70
87 79
77 89
82 84
68 98
79 87
97 69
72 94
86 80
75 91
85 81
71 95
83 83
98 68
73 93
99 67
84 82
81 85
93 73
90 76
89 77
95 71
91 75
92 74
94 72
88 78
76 90
74 92
67 99
69 97
70 96
79 88
93 74
86 81
84 83
70 97
92 75
85 82
78 89
94 73
75 92
83 84
91 76
99 68
72 95
90 77
76 91
95 72
87 80
89 78
98 69
77 90
69 98
68 99
71 96
88 79
96 71
97 70
80 87
73 94
74 93
81 86
82 85
85 83
92 76
95 73
77 91
94 74
74 94
88 80
93 75
73 95
99 69
82 86
76 92
71 97
98 70
87 81
70 98
96 72
69 99
83 85
90 78
84 84
81 87
97 71
75 93
86 82
72 96
91 77
80 88
78 90
79 89
89 79
98 71
96 73
74 95
70 99
97 72
79 90
95 74
83 86
88 81
75 94
72 97
77 92
89 80
94 75
93 76
90 79
80 89
92 77
73 96
84 85
91 78
71 98
81 88
87 82
86 83
85 84
82 87
99 70
78 91
76 93
71 99
79 91
91 79
72 98
96 74
94 76
95 75
84 86
90 80
77 93
87 83
78 92
73 97
76 94
89 81
82 88
81 89
80 90
83 87
99 71
88 82
92 78
86 84
98 72
74 96
85 85
97 73
93 77
75 95
79 92
80 91
77 94
81 90
87 84
93 78
74 97
78 93
82 89
94 77
91 80
75 96
88 83
92 79
95 76
86 85
96 75
83 88
97 74
85 86
73 98
98 73
72 99
76 95
99 72
90 81
89 82
84 87
81 91
79 93
98 74
93 79
86 86
88 84
78 94
96 76
99 73
94 78
77 95
83 89
82 90
95 77
87 85
85 87
76 96
90 82
75 97
73 99
89 83
92 80
80 92
84 88
74 98
91 81
97 75
79 94
74 99
86 87
76 97
96 77
83 90
85 88
93 80
91 82
75 98
82 91
77 96
87 86
81 92
80 93
89 84
99 74
98 75
94 79
84 89
78 95
90 83
97 76
95 78
88 85
92 81
96 78
76 98
90 84
77 97
87 87
83 91
84 90
97 77
88 86
89 85
98 76
81 93
85 89
99 75
82 92
94 80
91 83
93 81
78 96
92 82
75 99
95 79
80 94
79 95
86 88
84 91
95 80
97 78
78 97
94 81
87 88
90 85
85 90
89 86
80 95
91 84
99 76
81 94
93 82
88 87
96 79
83 92
98 77
79 96
76 99
86 89
82 93
77 98
92 83
86 90
81 95
94 82
97 79
89 87
88 88
92 84
96 80
78 98
84 92
87 89
80 96
95 81
83 93
90 86
91 85
77 99
93 83
79 97
98 78
82 94
99 77
85 91
95 82
82 95
89 88
88 89
97 80
90 87
84 93
94 83
96 81
83 94
80 97
92 85
99 78
86 91
87 90
78 99
98 79
91 86
79 98
81 96
85 92
93 84
92 86
88 90
97 81
87 91
89 89
84 94
96 82
81 97
82 96
85 93
90 88
79 99
99 79
83 95
93 85
98 80
91 87
94 84
95 83
80 98
86 92
81 98
92 87
84 95
90 89
86 93
93 86
91 88
97 82
83 96
98 81
88 91
80 99
85 94
82 97
89 90
87 92
95 84
96 83
99 80
94 85
99 81
94 86
91 89
92 88
81 99
82 98
93 87
84 96
98 82
90 90
88 92
96 84
95 85
97 83
86 94
83 97
89 91
87 93
85 95
99 82
87 94
91 90
95 86
82 99
83 98
90 91
89 92
97 84
85 96
84 97
86 95
92 89
94 87
88 93
93 88
96 85
98 83
95 87
97 85
83 99
94 88
99 83
90 92
85 97
88 94
87 95
93 89
86 96
89 93
98 84
92 90
91 91
96 86
84 98
96 87
84 99
91 92
89 94
87 96
92 91
85 98
99 84
98 85
95 88
86 97
88 95
94 89
90 93
97 86
93 90
86 98
90 94
93 91
91 93
95 89
94 90
98 86
89 95
87 97
96 88
99 85
97 87
85 99
92 92
88 96
86 99
87 98
91 94
98 87
93 92
97 88
94 91
88 97
90 95
89 96
99 86
96 89
92 93
95 90
97 89
92 94
87 99
93 93
99 87
98 88
96 90
94 92
89 97
95 91
88 98
91 95
90 96
91 96
95 92
96 91
89 98
94 93
99 88
88 99
93 94
92 95
98 89
97 90
90 97
94 94
92 96
98 90
93 95
96 92
91 97
97 91
89 99
90 98
99 89
95 93
90 99
94 95
99 90
96 93
97 92
93 96
92 97
91 98
95 94
98 91
91 99
96 94
99 91
93 97
94 96
92 98
97 93
95 95
98 92
95 96
96 95
97 94
94 97
92 99
93 98
98 93
99 92
99 93
98 94
96 96
97 95
95 97
94 98
93 99
99 94
98 95
97 96
96 97
95 98
94 99
99 95
95 99
98 96
97 97
96 98
99 96
98 97
96 99
97 98
98 98
97 99
99 97
99 98
98 99
99 99
